09-18 08:33:35.531 Nano_SetStandby(958): (1)
09-18 08:33:35.538 Nano_SysOpen(2191): Initialized,Version Build In Time Sep 18 2018-10:01:53
09-18 08:33:35.538 Nano_SetStandby(958): (0)
09-18 08:33:40.770 Nano_BufShow(185):<DEBUG> [[[0000440000000000]]]
09-18 08:33:40.770 nano_appProcData(254):<DEBUG> keyval 44
09-18 08:33:40.778 Nano_BufShow(185):<DEBUG> [[[6E616E6F73696320766F69636520737461727420]]]
09-18 08:33:40.882 Nano_BufShow(185):<DEBUG> [[[AA9900003C50589C40AA375E20EB0F143BD65CAD]]]
09-18 08:33:40.883 Nano_SetTransferState(118):<DEBUG> {0} -> {1}
09-18 08:33:40.885 Nano_BufShow(185):<DEBUG> [[[990001471A511C51AEAF345309AABB7255558B28]]]
09-18 08:33:40.885 Nano_BufShow(185):<DEBUG> [[[990002601998AA5746A29C994B5392B2CB1A5436]]]
09-18 08:33:40.895 Nano_BufShow(185):<DEBUG> [[[990003D3A7966D408D514EA0CD1092B2CB1A5436]]]
09-18 08:33:40.895 decode_wnvc(62):<DEBUG> Wnvc Decoder normal version And Wnvc320Stereo Encoder 64bit add Check Header Function  May  4 2018-11:07:27

09-18 08:33:40.895 Nano_BufShow(185):<DEBUG> [[[AA9901003CDC582BC2223F0A35C71D72B8932BAA]]]
09-18 08:33:40.896 Nano_BufShow(185):<DEBUG> [[[9901018FE21C0A1C8CA050E5617E27948F0E2AA5]]]
09-18 08:33:40.898 Nano_BufShow(185):<DEBUG> [[[990102103CCBA13F3AE24E16455A8781D84D998A]]]
09-18 08:33:40.898 Nano_BufShow(185):<DEBUG> [[[990103EC154D2633B26B21B6BF538781D84D998A]]]
09-18 08:33:40.919 Nano_BufShow(185):<DEBUG> [[[AA9902003C6862794AA9783A8810F219C8ACD2C5]]]
09-18 08:33:40.920 Nano_BufShow(185):<DEBUG> [[[99020111E01717B8234CE2EED2CDC11E6CDA3734]]]
09-18 08:33:40.921 Nano_BufShow(185):<DEBUG> [[[9902025D1C0EC6327AC0026C0E04DA2EA666CABE]]]
09-18 08:33:40.922 Nano_BufShow(185):<DEBUG> [[[990203ED5A919C8343B1835B8FA2DA2EA666CABE]]]
09-18 08:33:40.945 Nano_BufShow(185):<DEBUG> [[[AA9903003C4C72087AF6EF1A350EB95038EE090F]]]
09-18 08:33:40.945 Nano_BufShow(185):<DEBUG> [[[9903019CC267490607640F332E4345B01493C91F]]]
09-18 08:33:40.946 Nano_BufShow(185):<DEBUG> [[[990302D6A7D5F2EE9695241F9DEC7430B509F40C]]]
09-18 08:33:40.947 Nano_BufShow(185):<DEBUG> [[[990303F794C8B7AB34E89057851A7430B509F40C]]]
09-18 08:33:40.982 Nano_BufShow(185):<DEBUG> [[[AA9904003CDE72C53055AF418E243C4022122345]]]
09-18 08:33:40.983 Nano_BufShow(185):<DEBUG> [[[990401A3001D82EC452C284425796031183985C8]]]
09-18 08:33:40.984 Nano_BufShow(185):<DEBUG> [[[99040275E4C71606382CED0049790C1063DDA950]]]
09-18 08:33:40.986 Nano_BufShow(185):<DEBUG> [[[990403866708823B1F64BC1966B40C1063DDA950]]]
09-18 08:33:40.986 Nano_BufShow(185):<DEBUG> [[[AA9905003C7056C82050E40D5B71A62585FA9C11]]]
09-18 08:33:40.994 Nano_BufShow(185):<DEBUG> [[[990501C36B63BE7AAD8B5022D2C4308F288DEE45]]]
09-18 08:33:40.995 Nano_BufShow(185):<DEBUG> [[[990502C4CC43D4DDA716A4ACF7250DC69C741B5B]]]
09-18 08:33:40.996 Nano_BufShow(185):<DEBUG> [[[990503F5F6C646C00E9488AE97A50DC69C741B5B]]]
09-18 08:33:41.007 Nano_BufShow(185):<DEBUG> [[[AA9906003C1E5065E5053211301E9BCA75320428]]]
09-18 08:33:41.008 Nano_BufShow(185):<DEBUG> [[[990601B10594E5A9A94234795952BD232F2B5C89]]]
09-18 08:33:41.020 Nano_BufShow(185):<DEBUG> [[[9906029593A8EC2EFA716E2729F52F0181A292A5]]]
09-18 08:33:41.021 Nano_BufShow(185):<DEBUG> [[[990603740D2DB2B96EE93F1AAF422F0181A292A5]]]
09-18 08:33:41.022 Nano_BufShow(185):<DEBUG> [[[AA9907003CD850D2CC14F785931865E17674F884]]]
09-18 08:33:41.022 Nano_BufShow(185):<DEBUG> [[[99070123C949DE953A475A298EA2991D8E8866C9]]]
09-18 08:33:41.023 Nano_BufShow(185):<DEBUG> [[[99070299C833B7212F53095C64B0A43F203DD000]]]
09-18 08:33:41.032 Nano_BufShow(185):<DEBUG> [[[99070335010FB6AD4E854A146FE3A43F203DD000]]]
09-18 08:33:41.045 Nano_BufShow(185):<DEBUG> [[[AA9908003CB84FF8095355C107C6843354C968B9]]]
09-18 08:33:41.046 Nano_BufShow(185):<DEBUG> [[[990801435A84B3884146F8740F352A33A5175302]]]
09-18 08:33:41.046 Nano_BufShow(185):<DEBUG> [[[9908027A7FA6AE38A41BA41AAD2C23CA7FF784DE]]]
09-18 08:33:41.047 Nano_BufShow(185):<DEBUG> [[[99080336A8FCAC7F99B5A6AAFFA823CA7FF784DE]]]
09-18 08:33:41.058 Nano_BufShow(185):<DEBUG> [[[AA9909003C5858F00251D52560B744B783351052]]]
09-18 08:33:41.060 Nano_BufShow(185):<DEBUG> [[[99090107D201664F9F398972A2F3123F85F5F6C5]]]
09-18 08:33:41.060 Nano_BufShow(185):<DEBUG> [[[990902FF6B782D65E9D7B3B483CA2A97C5E4795A]]]
09-18 08:33:41.061 Nano_BufShow(185):<DEBUG> [[[990903BEB58CF3FA96C20D854F362A97C5E4795A]]]
09-18 08:33:41.083 Nano_BufShow(185):<DEBUG> [[[AA990A003C2E586902A83A49209264E47E00A0CF]]]
09-18 08:33:41.084 Nano_BufShow(185):<DEBUG> [[[990A01F92C2C93546642E002EC1BFD92635067F1]]]
09-18 08:33:41.085 Nano_BufShow(185):<DEBUG> [[[990A0252C50E155AB4C9AD52168214206D3AF8A8]]]
09-18 08:33:41.086 Nano_BufShow(185):<DEBUG> [[[990A0335EFBA104422E89A91FFCF14206D3AF8A8]]]
09-18 08:33:41.108 Nano_BufShow(185):<DEBUG> [[[AA990B003CA950F4CA22F0C9C22880760259D69B]]]
09-18 08:33:41.109 Nano_BufShow(185):<DEBUG> [[[990B015439136EAAB5F3115C8EC52A47CFD98826]]]
09-18 08:33:41.110 Nano_BufShow(185):<DEBUG> [[[990B024AF9DDE7285608B8D878E3A36332B92138]]]
09-18 08:33:41.111 Nano_BufShow(185):<DEBUG> [[[990B03052A84538AE310899AABDDA36332B92138]]]
09-18 08:33:41.121 Nano_BufShow(185):<DEBUG> [[[AA990C003C58586D44BC737060978416012ABC97]]]
09-18 08:33:41.121 Nano_BufShow(185):<DEBUG> [[[990C010C0B48871FF3D83ECF722152A3ACBF164B]]]
09-18 08:33:41.122 Nano_BufShow(185):<DEBUG> [[[990C0257B4019C7FDD23772C197BAF289787D46B]]]
09-18 08:33:41.123 Nano_BufShow(185):<DEBUG> [[[990C039FC47634592515FEC9471BAF289787D46B]]]
09-18 08:33:41.146 Nano_BufShow(185):<DEBUG> [[[AA990D003CAD503EC46267D891F401BD032E1DD4]]]
09-18 08:33:41.147 Nano_BufShow(185):<DEBUG> [[[990D011DF8C8A7DE37414F7FFFD894B352F87C14]]]
09-18 08:33:41.195 Nano_BufShow(185):<DEBUG> [[[990D02D03509F4D2BB05D98BAA3EC976AE327BAF]]]
09-18 08:33:41.197 Nano_BufShow(185):<DEBUG> [[[990D03CD995EEF8E6107938EFF71C976AE327BAF]]]
09-18 08:33:41.198 Nano_BufShow(185):<DEBUG> [[[AA990E003C2E586442C473B2381A41102E68E8C7]]]
09-18 08:33:41.199 Nano_BufShow(185):<DEBUG> [[[990E01284FEBA5F217373855556BF5665EF42016]]]
09-18 08:33:41.200 Nano_BufShow(185):<DEBUG> [[[990E0287CCC4810E759B74C72130610FA2BD00CD]]]
09-18 08:33:41.208 Nano_BufShow(185):<DEBUG> [[[990E03ED72B29A223B1769FACFAD610FA2BD00CD]]]
09-18 08:33:41.210 Nano_BufShow(185):<DEBUG> [[[AA990F003CA3483705E62C501461F26A79B64643]]]
09-18 08:33:41.210 Nano_BufShow(185):<DEBUG> [[[990F0191EAF52C72165FD5F0FC2CB6D236362AAE]]]
09-18 08:33:41.211 Nano_BufShow(185):<DEBUG> [[[990F028BB51ED23C26CFB63812BE2C2C33F2F49C]]]
09-18 08:33:41.212 Nano_BufShow(185):<DEBUG> [[[990F035D17CB08467960E172FFCD2C2C33F2F49C]]]
09-18 08:33:41.233 Nano_BufShow(185):<DEBUG> [[[AA9910003C585825C0627C581857F1D844CE01B6]]]
09-18 08:33:41.236 Nano_BufShow(185):<DEBUG> [[[99100162EC29E671140CECE5AD0333827934D5F1]]]
09-18 08:33:41.236 Nano_BufShow(185):<DEBUG> [[[9910024B606B058517F2C664872A3F698A3B25E0]]]
09-18 08:33:41.237 Nano_BufShow(185):<DEBUG> [[[991003930F221BAF143D156D15233F698A3B25E0]]]
09-18 08:33:41.237 Nano_BufShow(185):<DEBUG> [[[AA9911003C304F356198998ACECFFAA3707A01E9]]]
09-18 08:33:41.245 Nano_BufShow(185):<DEBUG> [[[991101FBBDADD831606440B686F8578741D4BA5D]]]
09-18 08:33:41.258 Nano_BufShow(185):<DEBUG> [[[9911020865A09F7AECF9D381945B768E60C8F412]]]
09-18 08:33:41.260 Nano_BufShow(185):<DEBUG> [[[991103A73937FEAAF7F2237E3386768E60C8F412]]]
09-18 08:33:41.262 Nano_BufShow(185):<DEBUG> [[[AA9912003CD8507A02711E1E40332A1F0E53B229]]]
09-18 08:33:41.262 Nano_BufShow(185):<DEBUG> [[[9912014FC3E03F1F085B140C7AA42D5804302E40]]]
09-18 08:33:41.263 Nano_BufShow(185):<DEBUG> [[[991202D18B99C3B47F9B2E78B48C39AB97E49FF0]]]
09-18 08:33:41.283 Nano_BufShow(185):<DEBUG> [[[991203609D4B02482BD3DDB4FFE339AB97E49FF0]]]
09-18 08:33:41.285 Nano_BufShow(185):<DEBUG> [[[AA9913003C1C503D64AA3AF041CBF2972C87604F]]]
09-18 08:33:41.286 Nano_BufShow(185):<DEBUG> [[[991301B9929A2E5C95D21C797822CA770593D412]]]
09-18 08:33:41.287 Nano_BufShow(185):<DEBUG> [[[9913026B286C82F4CA0E5424FD6CD97FD8E374C3]]]
09-18 08:33:41.287 Nano_BufShow(185):<DEBUG> [[[991303ED1B5BDA5CD34CD3192923D97FD8E374C3]]]
09-18 08:33:41.295 Nano_BufShow(185):<DEBUG> [[[AA9914003C5D58FDF4AA177194B0380138EBFC1E]]]
09-18 08:33:41.297 Nano_BufShow(185):<DEBUG> [[[99140102B1AEE200C1D58923EAAD1DD33460D1DE]]]
09-18 08:33:41.297 Nano_BufShow(185):<DEBUG> [[[991402014540734232D11EB4225227A940CFC394]]]
09-18 08:33:41.298 Nano_BufShow(185):<DEBUG> [[[991403B3536BFCEAF54EDF907F5427A940CFC394]]]
09-18 08:33:41.307 Nano_BufShow(185):<DEBUG> [[[AA9915003C595969CA0A3C0C80640E9F73FC60B7]]]
09-18 08:33:41.309 Nano_BufShow(185):<DEBUG> [[[99150199B201322BFE05747F6D1721BFAD8B0DBE]]]
09-18 08:33:41.320 Nano_BufShow(185):<DEBUG> [[[991502C1D04D6F380D1315FC684E6E348FED1127]]]
09-18 08:33:41.321 Nano_BufShow(185):<DEBUG> [[[9915035C15FD9B93906CBF56BFDA6E348FED1127]]]
09-18 08:33:41.323 Nano_BufShow(185):<DEBUG> [[[AA9916003C29587ACA15781601131801808C81BB]]]
09-18 08:33:41.324 Nano_BufShow(185):<DEBUG> [[[99160153B002E690E667A7FA83798E2825C7185E]]]
09-18 08:33:41.333 Nano_BufShow(185):<DEBUG> [[[9916024EC6CCEF38CAD088D06B9CEEA859F6B231]]]
09-18 08:33:41.334 Nano_BufShow(185):<DEBUG> [[[991603B4B6BB403B1CD7AAA69F44EEA859F6B231]]]
09-18 08:33:41.345 Nano_BufShow(185):<DEBUG> [[[AA9917003C1E5078E591B31220C08E2028DF2EA5]]]
09-18 08:33:41.346 Nano_BufShow(185):<DEBUG> [[[9917016BAB883200162484B7C75CB7AEA56F0C96]]]
09-18 08:33:41.347 Nano_BufShow(185):<DEBUG> [[[991702E9F76BAD3DA3A7DAEA4733A0A4BA663A3E]]]
09-18 08:33:41.348 Nano_BufShow(185):<DEBUG> [[[9917034AB983CF40EBE411F0BF4CA0A4BA663A3E]]]
09-18 08:33:41.358 Nano_BufShow(185):<DEBUG> [[[AA9918003CD850F4F4412F7100839839D8CD34A0]]]
09-18 08:33:41.359 Nano_BufShow(185):<DEBUG> [[[9918016A1BE5C1F569F6DC35FBFB518E851E06EA]]]
09-18 08:33:41.360 Nano_BufShow(185):<DEBUG> [[[99180218A595C9CB1A80DFE08773AB3933C25444]]]
09-18 08:33:41.370 Nano_BufShow(185):<DEBUG> [[[99180306BFADC1D2E5D28E3753FFAB3933C25444]]]
09-18 08:33:41.396 Nano_BufShow(185):<DEBUG> [[[AA9919003CD848FCC2053EBF82C81B29C1C99C69]]]
09-18 08:33:41.397 Nano_BufShow(185):<DEBUG> [[[991901D859FECB978594916F4D89D7782055C50C]]]
09-18 08:33:41.398 Nano_BufShow(185):<DEBUG> [[[9919029BA98546B8F9434E50119CDF82CDEB465E]]]
09-18 08:33:41.398 Nano_BufShow(185):<DEBUG> [[[991903E18832DE744F64258A5759DF82CDEB465E]]]
09-18 08:33:41.407 Nano_BufShow(185):<DEBUG> [[[AA991A003C59597EC88018C259603383BF63A9AF]]]
09-18 08:33:41.421 Nano_BufShow(185):<DEBUG> [[[991A014B14B6D9E6FA5A9EEDA60C8F42B129ADF0]]]
09-18 08:33:41.422 Nano_BufShow(185):<DEBUG> [[[991A0245E2AB1865241B5A9722E1EFA599C0C11A]]]
09-18 08:33:41.423 Nano_BufShow(185):<DEBUG> [[[991A035C45029CA333C4BF4EFFFFEFA599C0C11A]]]
09-18 08:33:41.424 Nano_BufShow(185):<DEBUG> [[[AA991B003C5858C8CA1077A430C71AF823D47232]]]
09-18 08:33:41.445 Nano_BufShow(185):<DEBUG> [[[991B015133F8F655A5978FFBF4398A95E69BE58C]]]
09-18 08:33:41.447 Nano_BufShow(185):<DEBUG> [[[991B02694636C2C04F7E3E8608898499C092CC40]]]
09-18 08:33:41.448 Nano_BufShow(185):<DEBUG> [[[991B03911BC26C5AE9E55F22FFFF8499C092CC40]]]
09-18 08:33:41.449 Nano_BufShow(185):<DEBUG> [[[AA991C003C5E502702C20B24400903EDE581AFA0]]]
09-18 08:33:41.449 Nano_BufShow(185):<DEBUG> [[[991C01C679E5AA418085DA1A4A794A77342F3B4A]]]
09-18 08:33:41.458 Nano_BufShow(185):<DEBUG> [[[991C02DD9DE94DCEAD40807C0D94DD6711110C54]]]
09-18 08:33:41.459 Nano_BufShow(185):<DEBUG> [[[991C0334D25014904DF7DD967F74DD6711110C54]]]
09-18 08:33:41.461 Nano_BufShow(185):<DEBUG> [[[AA991D003CDD50F4CAE2FC48A1D2050B0F4133B0]]]
09-18 08:33:41.462 Nano_BufShow(185):<DEBUG> [[[991D01F04F206230C59D269C112DAC1DB159ED18]]]
09-18 08:33:41.463 Nano_BufShow(185):<DEBUG> [[[991D02975ED5DE4053A7C42E253247C166F073A1]]]
09-18 08:33:41.470 Nano_BufShow(185):<DEBUG> [[[991D032AF314168C7AD6CC3AADE447C166F073A1]]]
09-18 08:33:41.496 Nano_BufShow(185):<DEBUG> [[[AA991E003C5E50FCCA893E0ED31429B9DC28A528]]]
09-18 08:33:41.497 Nano_BufShow(185):<DEBUG> [[[991E0106E4CA78E740BBDDE16EFE529C8D48AE51]]]
09-18 08:33:41.498 Nano_BufShow(185):<DEBUG> [[[991E02BB977917C46800AB784C05FBC4DCBFC972]]]
09-18 08:33:41.498 Nano_BufShow(185):<DEBUG> [[[991E03FC96D9E39876E3E6190754FBC4DCBFC972]]]
09-18 08:33:41.499 Nano_BufShow(185):<DEBUG> [[[AA991F003C1E507E6608150A98651A860BCB0DF5]]]
09-18 08:33:41.508 Nano_BufShow(185):<DEBUG> [[[991F01C710393249F901DF58452D6B80985A6DDE]]]
09-18 08:33:41.509 Nano_BufShow(185):<DEBUG> [[[991F02B5638DCA1B7DC249A0E5C812A4AC4D971F]]]
09-18 08:33:41.510 Nano_BufShow(185):<DEBUG> [[[991F037E4287AA70B6CBB7A1FFED12A4AC4D971F]]]
09-18 08:33:41.545 Nano_BufShow(185):<DEBUG> [[[AA9920003C1E597E6110154A1923C64103626AA4]]]
09-18 08:33:41.546 Nano_BufShow(185):<DEBUG> [[[99200100871246C246A6A1FB17FB721B68CDCB6D]]]
09-18 08:33:41.557 Nano_BufShow(185):<DEBUG> [[[992002221C91754214205EF180065AF210167B66]]]
09-18 08:33:41.559 Nano_BufShow(185):<DEBUG> [[[99200366E544815DB69B47AAAF905AF210167B66]]]
09-18 08:33:41.561 Nano_BufShow(185):<DEBUG> [[[AA9921003C1C501A65E1851040B2A8D04267384A]]]
09-18 08:33:41.562 Nano_BufShow(185):<DEBUG> [[[99210115BE6D2D743BE15AC8F0B14DD30B3DF598]]]
09-18 08:33:41.562 Nano_BufShow(185):<DEBUG> [[[99210278000E7E0B91CC57A9F46BEDFEB759C642]]]
09-18 08:33:41.571 Nano_BufShow(185):<DEBUG> [[[9921034FEED286745BEB2F7EFF25EDFEB759C642]]]
09-18 08:33:41.573 Nano_BufShow(185):<DEBUG> [[[AA9922003C1E503D65040A262CC1015BB0146012]]]
09-18 08:33:41.574 Nano_BufShow(185):<DEBUG> [[[992201C38BE5F24CFD9B788ECA8839B1DC9B2B26]]]
09-18 08:33:41.574 Nano_BufShow(185):<DEBUG> [[[992202CE3311C5752BC40BFD6008B0E541897F7B]]]
09-18 08:33:41.575 Nano_BufShow(185):<DEBUG> [[[99220343153933CE6E4BDAA655BEB0E541897F7B]]]
09-18 08:33:41.595 Nano_BufShow(185):<DEBUG> [[[AA9923003C58506BC00A0E9EB01D388EDDFB061F]]]
09-18 08:33:41.596 Nano_BufShow(185):<DEBUG> [[[99230133BD5B63D43BD576739DD61F4D19A3C6E6]]]
09-18 08:33:41.598 Nano_BufShow(185):<DEBUG> [[[992302F91CD440D594EBBD634B4A29104C7003A5]]]
09-18 08:33:41.598 Nano_BufShow(185):<DEBUG> [[[99230351B2C96D0563653C9BBFA329104C7003A5]]]
09-18 08:33:41.599 Nano_BufShow(185):<DEBUG> [[[AA9924003C1E5965E428324430AE055B96A47F31]]]
09-18 08:33:41.608 Nano_BufShow(185):<DEBUG> [[[992401EA06D00739F3C575BA93FB8D0D2D5DFD56]]]
09-18 08:33:41.608 Nano_BufShow(185):<DEBUG> [[[992402032D5E553447D45529E35763596992374C]]]
09-18 08:33:41.620 Nano_BufShow(185):<DEBUG> [[[99240373DE636FA0288C8DAC5F8C63596992374C]]]
09-18 08:33:41.622 Nano_BufShow(185):<DEBUG> [[[AA9925003C5D4FAC9909312125CAA1930E607895]]]
09-18 08:33:41.623 Nano_BufShow(185):<DEBUG> [[[992501F859947488F061C08A10B76307065AE6E4]]]
09-18 08:33:41.624 Nano_BufShow(185):<DEBUG> [[[992502D6B5313F12900FAB8E429AC4E1D535F74A]]]
09-18 08:33:41.624 Nano_BufShow(185):<DEBUG> [[[992503C150A32736B6F092D5AB61C4E1D535F74A]]]
09-18 08:33:41.645 Nano_BufShow(185):<DEBUG> [[[AA9926003CAF507AF2A07AC4F5CEE85868E82114]]]
09-18 08:33:41.671 Nano_BufShow(185):<DEBUG> [[[992601E1F28D8DAC05B5677A9F4A6932283D86EF]]]
09-18 08:33:41.672 Nano_BufShow(185):<DEBUG> [[[9926022FF941B617534AAB47301927D50D451B7E]]]
09-18 08:33:41.673 Nano_BufShow(185):<DEBUG> [[[992603127B9A76B680EE3DF37F1827D50D451B7E]]]
09-18 08:33:41.674 Nano_BufShow(185):<DEBUG> [[[AA9927003C58583ACC736609B4781D3DE6448267]]]
09-18 08:33:41.675 Nano_BufShow(185):<DEBUG> [[[992701104410CD2CAC3FA56670B4F3EF44C440AA]]]
09-18 08:33:41.683 Nano_BufShow(185):<DEBUG> [[[992702E189B40B8DB965A35665E90AB162D29637]]]
09-18 08:33:41.684 Nano_BufShow(185):<DEBUG> [[[99270326BCDE3C69E12C450917040AB162D29637]]]
09-18 08:33:41.686 Nano_BufShow(185):<DEBUG> [[[AA9928003CDE50450CA13FD34B6161AF55721AC3]]]
09-18 08:33:41.687 Nano_BufShow(185):<DEBUG> [[[9928014F7E7E04794E5A0998C9E03E120C276768]]]
09-18 08:33:41.687 Nano_BufShow(185):<DEBUG> [[[9928025FA9AD4C3E43E7984AE1B5ECE2D52AE17D]]]
09-18 08:33:41.695 Nano_BufShow(185):<DEBUG> [[[9928036BFB90B0A51B830AA55539ECE2D52AE17D]]]
09-18 08:33:41.733 Nano_BufShow(185):<DEBUG> [[[AA9929003C98500D7D8A0C889E41262EE46705E2]]]
09-18 08:33:41.735 Nano_BufShow(185):<DEBUG> [[[99290179F2354DB4D58DF64B3A9744E7FFB568E9]]]
09-18 08:33:41.736 Nano_BufShow(185):<DEBUG> [[[9929020DD3589631E44C17F392E751799EC38D72]]]
09-18 08:33:41.737 Nano_BufShow(185):<DEBUG> [[[992903A5FA00B6ADFD81997E33DD51799EC38D72]]]
09-18 08:33:41.745 Nano_BufShow(185):<DEBUG> [[[AA992A003C9E503264407DAAD0190195E0872540]]]
09-18 08:33:41.747 Nano_BufShow(185):<DEBUG> [[[992A0112F99C1D91CBE0080693EFA13A2DCD0DC7]]]
09-18 08:33:41.748 Nano_BufShow(185):<DEBUG> [[[992A0251BBA0BB4B55F95AC9782D7E5890F6C0DF]]]
09-18 08:33:41.749 Nano_BufShow(185):<DEBUG> [[[992A038C244C4DB6C4113BB4FFC77E5890F6C0DF]]]
09-18 08:33:41.749 Nano_BufShow(185):<DEBUG> [[[AA992B003C5858F4CAA9EAD26357219DDB1D88C6]]]
09-18 08:33:41.771 Nano_BufShow(185):<DEBUG> [[[992B018F7393B8795A426F46E603C75E170E6206]]]
09-18 08:33:41.772 Nano_BufShow(185):<DEBUG> [[[992B02BB166BC183B8F8427A7E7D2F480D289A6B]]]
09-18 08:33:41.774 Nano_BufShow(185):<DEBUG> [[[992B03ACA5D3687C74CE99A0CF582F480D289A6B]]]
09-18 08:33:41.775 Nano_BufShow(185):<DEBUG> [[[AA992C003C1C502AFA059E13408608DC12FCBEAC]]]
09-18 08:33:41.775 Nano_BufShow(185):<DEBUG> [[[992C01CB05BA9E2264210EE687B223AA31CA0B7C]]]
09-18 08:33:41.783 Nano_BufShow(185):<DEBUG> [[[992C02C244B7BCF6A10C6592BEF24DD86A2A1659]]]
09-18 08:33:41.784 Nano_BufShow(185):<DEBUG> [[[992C03C4F0AEC2DB0387C743893C4DD86A2A1659]]]
09-18 08:33:41.786 Nano_BufShow(185):<DEBUG> [[[AA992D003C28583D98683E4D3088176D00C9C738]]]
09-18 08:33:41.787 Nano_BufShow(185):<DEBUG> [[[992D01D702808BB8538C02313206A4FA15DE039E]]]
09-18 08:33:41.787 Nano_BufShow(185):<DEBUG> [[[992D026DFDE6A2B887A8540AB8E77C061A30E938]]]
09-18 08:33:41.795 Nano_BufShow(185):<DEBUG> [[[992D03090C0463C9056FFEAFFF8F7C061A30E938]]]
09-18 08:33:41.808 Nano_BufShow(185):<DEBUG> [[[AA992E003CAE50D20247F50C38E1C23F7CA5908E]]]
09-18 08:33:41.809 Nano_BufShow(185):<DEBUG> [[[992E0171669EE4D31C000297DDE625C582E9315D]]]
09-18 08:33:41.810 Nano_BufShow(185):<DEBUG> [[[992E022ABDA771ACAA24D91DF4BF8DE6F30AC405]]]
09-18 08:33:41.810 Nano_BufShow(185):<DEBUG> [[[992E039C2901830A55CF38CB2F038DE6F30AC405]]]
09-18 08:33:41.820 Nano_BufShow(185):<DEBUG> [[[AA992F003C3C4FF4CA29F061432C89B68BA51113]]]
09-18 08:33:41.821 Nano_BufShow(185):<DEBUG> [[[992F0197E5CE6A7854B901FF0C6C2F7727238AB1]]]
09-18 08:33:41.822 Nano_BufShow(185):<DEBUG> [[[992F0282A3A2AC8271F6245450C718A64E26D0FC]]]
09-18 08:33:41.823 Nano_BufShow(185):<DEBUG> [[[992F036E2EAAA8319CA23436FF8718A64E26D0FC]]]
09-18 08:33:41.845 Nano_BufShow(185):<DEBUG> [[[AA9930003C1E507A610A140F8032813C812B2004]]]
09-18 08:33:41.846 Nano_BufShow(185):<DEBUG> [[[993001A01EF108ACA07ABB83F6C594BF81DC23B5]]]
09-18 08:33:41.847 Nano_BufShow(185):<DEBUG> [[[99300294DD718C8F8C11AAA1A6473F582F7252AD]]]
09-18 08:33:41.848 Nano_BufShow(185):<DEBUG> [[[993003240F462366B587290BFFFF3F582F7252AD]]]
09-18 08:33:41.857 Nano_BufShow(185):<DEBUG> [[[AA9931003C514F919560F416C0611E0076C52285]]]
09-18 08:33:41.859 Nano_BufShow(185):<DEBUG> [[[993101F525CA460A58281A79378D066051537BE1]]]
09-18 08:33:41.859 Nano_BufShow(185):<DEBUG> [[[9931028E16D08D3238488D020FA5E8BE0E759FD0]]]
09-18 08:33:41.870 Nano_BufShow(185):<DEBUG> [[[993103E46440B20B4B7E4451FF50E8BE0E759FD0]]]
09-18 08:33:41.883 Nano_BufShow(185):<DEBUG> [[[AA9932003CD850C80A1CFF1BB0408E64A05E9F08]]]
09-18 08:33:41.884 Nano_BufShow(185):<DEBUG> [[[9932017A5EE01CBD8BE6DCC3864E3B77C9452791]]]
09-18 08:33:41.886 Nano_BufShow(185):<DEBUG> [[[9932023E52D114F7A229046DE6D434F806C0DAB3]]]
09-18 08:33:41.886 Nano_BufShow(185):<DEBUG> [[[99320363225F78C3F58EE186512C34F806C0DAB3]]]
09-18 08:33:41.895 Nano_BufShow(185):<DEBUG> [[[AA9933003CA85069C20C782218A0A50B35037814]]]
09-18 08:33:41.896 Nano_BufShow(185):<DEBUG> [[[993301342633CA716912865B6306F55ACF8D7095]]]
09-18 08:33:41.897 Nano_BufShow(185):<DEBUG> [[[993302A03CC069757703E50C9665121634F75104]]]
09-18 08:33:41.898 Nano_BufShow(185):<DEBUG> [[[9933035791B32FFD61E44795B64A121634F75104]]]
09-18 08:33:41.920 Nano_BufShow(185):<DEBUG> [[[AA9934003C5C58F1D000CC30ADC28CFC0088E830]]]
09-18 08:33:41.922 Nano_BufShow(185):<DEBUG> [[[99340132C3C0C928ABB29B7B139C1A49AD5AAE6C]]]
09-18 08:33:41.923 Nano_BufShow(185):<DEBUG> [[[993402976616946F29E7DEB8297A6CA12F804146]]]
09-18 08:33:41.923 Nano_BufShow(185):<DEBUG> [[[993403384A65BA99083B3C55FFEE6CA12F804146]]]
09-18 08:33:41.945 Nano_BufShow(185):<DEBUG> [[[AA9935003CDE48F402A9EAF6C358E5B9960F4757]]]
09-18 08:33:41.958 Nano_BufShow(185):<DEBUG> [[[99350166AD6F8F3201EEA36CC204ADFDBAF556AF]]]
09-18 08:33:41.960 Nano_BufShow(185):<DEBUG> [[[993502E5E563AA193F87415617DDB99D7D7F50CD]]]
09-18 08:33:41.960 Nano_BufShow(185):<DEBUG> [[[993503E6F25C2B7BF4067B91FF42B99D7D7F50CD]]]
09-18 08:33:41.961 Nano_BufShow(185):<DEBUG> [[[AA9936003C1E596961053A4430A14EFCC5A8134E]]]
09-18 08:33:41.962 Nano_BufShow(185):<DEBUG> [[[993601C07268886E765A59F4E55F77D324862E9A]]]
09-18 08:33:41.984 Nano_BufShow(185):<DEBUG> [[[993602F2F45B96C97FB99D231FE929743ADE19E1]]]
09-18 08:33:41.986 Nano_BufShow(185):<DEBUG> [[[99360311E00C8F5E47DAD02B839729743ADE19E1]]]
09-18 08:33:41.987 Nano_BufShow(185):<DEBUG> [[[AA9937003CDC50F4C2A9EA6380CA790040321FF1]]]
09-18 08:33:41.987 Nano_BufShow(185):<DEBUG> [[[993701AD99F38AD37F29D17358713FABF30CE715]]]
09-18 08:33:41.988 Nano_BufShow(185):<DEBUG> [[[993702944233BB6119A3BC86D28DBE497D71CAB5]]]
09-18 08:33:41.995 Nano_BufShow(185):<DEBUG> [[[99370395C1916DAC7F346553FFBFBE497D71CAB5]]]
09-18 08:33:42.008 Nano_BufShow(185):<DEBUG> [[[AA9938003C5C58C8C28EFA2650A2312500E2661F]]]
09-18 08:33:42.009 Nano_BufShow(185):<DEBUG> [[[993801544122B7A2E73F8BDCBABA69B0B3528865]]]
09-18 08:33:42.010 Nano_BufShow(185):<DEBUG> [[[993802360439F816BFDB69407A3D13DE265733D3]]]
09-18 08:33:42.011 Nano_BufShow(185):<DEBUG> [[[993803DAA3AAD6D422E303FDC5AA13DE265733D3]]]
09-18 08:33:42.022 Nano_BufShow(185):<DEBUG> [[[AA9939003CAE503E0242E42F60620D0F48690429]]]
09-18 08:33:42.023 Nano_BufShow(185):<DEBUG> [[[993901E50C0AD5FF78022543D2258B62B8BD0F21]]]
09-18 08:33:42.023 Nano_BufShow(185):<DEBUG> [[[993902E84CC2CB8E12D9ABF406851BFD19AE95B5]]]
09-18 08:33:42.024 Nano_BufShow(185):<DEBUG> [[[9939031A5ED495893E48143DDF111BFD19AE95B5]]]
09-18 08:33:42.045 Nano_BufShow(185):<DEBUG> [[[AA993A003CDE4827028333E033F73655FA516C79]]]
09-18 08:33:42.046 Nano_BufShow(185):<DEBUG> [[[993A01087CD2403192B34DE417221B713F0D1C94]]]
09-18 08:33:42.047 Nano_BufShow(185):<DEBUG> [[[993A02AD71704BC742EE4906482841116E62D471]]]
09-18 08:33:42.070 Nano_BufShow(185):<DEBUG> [[[993A03BEF776FC7FB6FB41524F9741116E62D471]]]
09-18 08:33:42.084 Nano_BufShow(185):<DEBUG> [[[AA993B003C1E503D60313D4C444A5C28D7F81FC0]]]
09-18 08:33:42.086 Nano_BufShow(185):<DEBUG> [[[993B01D60F367AC17C0275616125511A25AB7710]]]
09-18 08:33:42.086 Nano_BufShow(185):<DEBUG> [[[993B02B345322E2D006FF0055AB366DCDAD8D6E5]]]
09-18 08:33:42.087 Nano_BufShow(185):<DEBUG> [[[993B0309F3831E9175D38786FFDC66DCDAD8D6E5]]]
09-18 08:33:42.088 Nano_BufShow(185):<DEBUG> [[[AA993C003CD850344421721738CC176B02EA439A]]]
09-18 08:33:42.095 Nano_BufShow(185):<DEBUG> [[[993C0119B92F075C005EF134381C7185E79C02C2]]]
09-18 08:33:42.096 Nano_BufShow(185):<DEBUG> [[[993C02FAFE648D85E4C4D512376B8CDA1B1855B1]]]
09-18 08:33:42.097 Nano_BufShow(185):<DEBUG> [[[993C03A60657F5EA9654D9DAFF3F8CDA1B1855B1]]]
09-18 08:33:42.108 Nano_BufShow(185):<DEBUG> [[[AA993D003CB04FF8051C7C365E9690FFF2F52C9F]]]
09-18 08:33:42.108 Nano_BufShow(185):<DEBUG> [[[993D0199534B584DE4A07B747729AB82FAFEB6E5]]]
09-18 08:33:42.120 Nano_BufShow(185):<DEBUG> [[[993D02907A865E586F77919E92139E75731431DB]]]
09-18 08:33:42.133 Nano_BufShow(185):<DEBUG> [[[993D03F000DD81CD96F2BDE6C3B29E75731431DB]]]
09-18 08:33:42.135 Nano_BufShow(185):<DEBUG> [[[AA993E003C18581F720486B408C6F12E024B0A32]]]
09-18 08:33:42.136 Nano_BufShow(185):<DEBUG> [[[993E01A5DB5F64A89AC365DC7D50BDEE616C856B]]]
09-18 08:33:42.137 Nano_BufShow(185):<DEBUG> [[[993E02057D86D792B2913E7F4E032555A9B065AE]]]
09-18 08:33:42.138 Nano_BufShow(185):<DEBUG> [[[993E0389C614EB9543D7F9F09F3C2555A9B065AE]]]
09-18 08:33:42.146 Nano_BufShow(185):<DEBUG> [[[AA993F003C98509A30021F028A09C4E0606EBD92]]]
09-18 08:33:42.147 Nano_BufShow(185):<DEBUG> [[[993F0181A4F0D824B6B429E007F11FAE0087527C]]]
09-18 08:33:42.147 Nano_BufShow(185):<DEBUG> [[[993F02EAA40F938C8CD8902DC79E17F609A9B381]]]
09-18 08:33:42.148 Nano_BufShow(185):<DEBUG> [[[993F031A03AC139A4492817ABF9417F609A9B381]]]
09-18 08:33:42.157 Nano_BufShow(185):<DEBUG> [[[AA9940003C5D5878C810FF16E0BA483F592095F0]]]
09-18 08:33:42.170 Nano_BufShow(185):<DEBUG> [[[99400155317C6FDE56C708C214E0140AFD8AD168]]]
09-18 08:33:42.172 Nano_BufShow(185):<DEBUG> [[[994002286AFF1BFAB7A32D7A2AEC9D36ACBE8744]]]
09-18 08:33:42.173 Nano_BufShow(185):<DEBUG> [[[99400363D8083CF2D2BED507FF549D36ACBE8744]]]
09-18 08:33:42.183 Nano_BufShow(185):<DEBUG> [[[AA9941003CB9469085432F6423918B77494E07D6]]]
09-18 08:33:42.184 Nano_BufShow(185):<DEBUG> [[[9941016429CFA3B7A7A885B2DDD651555BA4A714]]]
09-18 08:33:42.185 Nano_BufShow(185):<DEBUG> [[[9941029FAE80972E7233D3C6B7A259612670C18D]]]
09-18 08:33:42.186 Nano_BufShow(185):<DEBUG> [[[994103AFF8F8F03ED172AEE4FFBF59612670C18D]]]
09-18 08:33:42.195 Nano_BufShow(185):<DEBUG> [[[AA9942003C2858CAC0537F54AC2CFA40E9963856]]]
09-18 08:33:42.197 Nano_BufShow(185):<DEBUG> [[[99420169DF1AD353C8288AE285DE55752DDECCD0]]]
09-18 08:33:42.198 Nano_BufShow(185):<DEBUG> [[[9942029E3B34007D1775CB3744859F43DA5EA602]]]
09-18 08:33:42.198 Nano_BufShow(185):<DEBUG> [[[994203EF4931436E1DEF62579F069F43DA5EA602]]]
09-18 08:33:42.220 Nano_BufShow(185):<DEBUG> [[[AA9943003CD850F402401512D5F5054EC53C04F0]]]
09-18 08:33:42.222 Nano_BufShow(185):<DEBUG> [[[994301906DA09FD14CD39C6647CC9BE6D06867CA]]]
09-18 08:33:42.223 Nano_BufShow(185):<DEBUG> [[[9943021FAD9749988E925D89517175815575F3FB]]]
09-18 08:33:42.224 Nano_BufShow(185):<DEBUG> [[[994303D2F11FA34E12CEEA478F8675815575F3FB]]]
09-18 08:33:42.245 Nano_BufShow(185):<DEBUG> [[[AA9944003C5950CAF2AA0A6151DF105F422F86E0]]]
09-18 08:33:42.247 Nano_BufShow(185):<DEBUG> [[[9944017E1936588F2304B8E3989565648BC8FA26]]]
09-18 08:33:42.248 Nano_BufShow(185):<DEBUG> [[[994402BD75A37A0A4E9D586E4A57E5BA1669DA8D]]]
09-18 08:33:42.248 Nano_BufShow(185):<DEBUG> [[[99440350E04B17A1D1B531D3FF28E5BA1669DA8D]]]
09-18 08:33:42.258 Nano_BufShow(185):<DEBUG> [[[AA9945003C2E596BCA313306A483047DB066CE40]]]
09-18 08:33:42.259 Nano_BufShow(185):<DEBUG> [[[994501D15D0CC70C45A1D675535505CF7E3CC8AC]]]
09-18 08:33:42.260 Nano_BufShow(185):<DEBUG> [[[994502362EB191EB3BD3ABBB3A786A45ADAA5B42]]]
09-18 08:33:42.261 Nano_BufShow(185):<DEBUG> [[[994503B68AC19D31972213CDFF686A45ADAA5B42]]]
09-18 08:33:42.284 Nano_BufShow(185):<DEBUG> [[[AA9946003C5C503D84100C58208E044BECD3ED46]]]
09-18 08:33:42.284 Nano_BufShow(185):<DEBUG> [[[994601D7A9C28B71C2112526388563F1A5504CB2]]]
09-18 08:33:42.286 Nano_BufShow(185):<DEBUG> [[[994602B8C6344D0C5E4044652027799D8F18F0BB]]]
09-18 08:33:42.286 Nano_BufShow(185):<DEBUG> [[[99460396204294751B4ACD26AF4B799D8F18F0BB]]]
09-18 08:33:42.308 Nano_BufShow(185):<DEBUG> [[[AA9947003C5950F4CAAAFE281C716C102E1B3E0E]]]
09-18 08:33:42.309 Nano_BufShow(185):<DEBUG> [[[994701521D3094B1D09547FCF0D48D22B512E6BF]]]
09-18 08:33:42.310 Nano_BufShow(185):<DEBUG> [[[994702A351FEE77F50BACD4233D214CD88E78AA3]]]
09-18 08:33:42.311 Nano_BufShow(185):<DEBUG> [[[994703F9B94A2B4071FD2F37B7AA14CD88E78AA3]]]
09-18 08:33:42.320 Nano_BufShow(185):<DEBUG> [[[AA9948003CD275E99555FD2170A1C20ACD878AB3]]]
09-18 08:33:42.323 Nano_BufShow(185):<DEBUG> [[[994801A6008A5277F60DA7A6C3326A61EDB2F952]]]
09-18 08:33:42.324 Nano_BufShow(185):<DEBUG> [[[99480214E744C699B2B9490EBAF5CC20E413AC03]]]
09-18 08:33:42.324 Nano_BufShow(185):<DEBUG> [[[994803D20A40F330D8C2ECCE1F95CC20E413AC03]]]
09-18 08:33:42.347 Nano_BufShow(185):<DEBUG> [[[6E616E6F73696320766F6963652073746F702020]]]
09-18 08:33:42.347 nano_appProcData(218):<DEBUG> VOICE_STOP
09-18 08:33:42.347 Nano_SetTransferState(118):<DEBUG> {1} -> {0}
09-18 08:33:42.348 Nano_BufShow(185):<DEBUG> [[[0000000000000000]]]
09-18 08:33:42.348 nano_appProcData(254):<DEBUG> keyval 0
09-18 08:33:43.325 Nano_HidrawEventProcess(80):<DEBUG> Timer Destroy 1
09-18 08:33:43.325 Nano_HidrawTimerEntry(29): **********
09-18 08:33:44.920 Nano_BufShow(185):<DEBUG> [[[0000440000000000]]]
09-18 08:33:44.921 nano_appProcData(254):<DEBUG> keyval 44
09-18 08:33:44.924 Nano_BufShow(185):<DEBUG> [[[6E616E6F73696320766F69636520737461727420]]]
09-18 08:33:45.008 Nano_BufShow(185):<DEBUG> [[[AA9900003C9A75F08040F0F9D0C1AC5C59679049]]]
09-18 08:33:45.008 Nano_SetTransferState(118):<DEBUG> {0} -> {1}
09-18 08:33:45.011 Nano_AudioLostDetect(1550): 732 Packets Lost 48(3) -> 00(0)
09-18 08:33:45.012 Nano_BufShow(185):<DEBUG> [[[9900016B1DDC54059305C18489F7B0C856662AD2]]]
09-18 08:33:45.012 Nano_BufShow(185):<DEBUG> [[[990002D11B410630A18EA30CB29B18270AB20D4A]]]
09-18 08:33:45.013 Nano_BufShow(185):<DEBUG> [[[9900034A1F2384572D359636578518270AB20D4A]]]
09-18 08:33:45.020 Nano_BufShow(185):<DEBUG> [[[AA9901003C60651C40D03B4089584494BACD2834]]]
09-18 08:33:45.033 Nano_BufShow(185):<DEBUG> [[[990101869C6620B7F1101ABC297DB10FCA3D4FAD]]]
09-18 08:33:45.035 Nano_BufShow(185):<DEBUG> [[[9901021A6485C2EC1D51194DB113CC8F5C2C8827]]]
09-18 08:33:45.035 Nano_BufShow(185):<DEBUG> [[[9901038D88D60EE9FE189CC13F05CC8F5C2C8827]]]
09-18 08:33:45.045 Nano_BufShow(185):<DEBUG> [[[AA9902003CA858C802747E20E042CC736317C080]]]
09-18 08:33:45.046 Nano_BufShow(185):<DEBUG> [[[9902011D94CB2C9DE08D820E2A2055E3173564CD]]]
09-18 08:33:45.047 Nano_BufShow(185):<DEBUG> [[[99020282EBE1D8C25B61A35C4A34D87D35F9B273]]]
09-18 08:33:45.057 Nano_BufShow(185):<DEBUG> [[[990203A594B2CADD187200067F55D87D35F9B273]]]
09-18 08:33:45.059 Nano_BufShow(185):<DEBUG> [[[AA9903003C9C616560220F2432A102968023C8F5]]]
09-18 08:33:45.061 Nano_BufShow(185):<DEBUG> [[[99030133E3C2241A0EDEBD11147F8AEE0790BD05]]]
09-18 08:33:45.062 Nano_BufShow(185):<DEBUG> [[[990302754636D285FB819938CBCA06F68D5FEA56]]]
09-18 08:33:45.063 Nano_BufShow(185):<DEBUG> [[[990303EDD78B1C37ACE04B97BF5E06F68D5FEA56]]]
09-18 08:33:45.083 Nano_BufShow(185):<DEBUG> [[[AA9904003CB3503C01A97F604213CA704F9B0452]]]
09-18 08:33:45.084 Nano_BufShow(185):<DEBUG> [[[990401C24DE72476A11C92C4067A2D47C9B828CA]]]
09-18 08:33:45.085 Nano_BufShow(185):<DEBUG> [[[990402619BA8010D3886C0D7FD57012DAD656F54]]]
09-18 08:33:45.086 Nano_BufShow(185):<DEBUG> [[[990403AFCC59A892A5CB2575BF3F012DAD656F54]]]
09-18 08:33:45.095 Nano_BufShow(185):<DEBUG> [[[AA9905003C985005F0C41B0405134C13D7F7EF59]]]
09-18 08:33:45.096 Nano_BufShow(185):<DEBUG> [[[99050153871DE9A2B0331F91ED0686476A16141A]]]
09-18 08:33:45.097 Nano_BufShow(185):<DEBUG> [[[99050298166D29BB6BA8CEA54BD36A4C0A9AF7EB]]]
09-18 08:33:45.098 Nano_BufShow(185):<DEBUG> [[[99050372F52C47B36770A8820DC36A4C0A9AF7EB]]]
09-18 08:33:45.133 Nano_BufShow(185):<DEBUG> [[[AA9906003C1C5963448281CC025C803C50521178]]]
09-18 08:33:45.134 Nano_BufShow(185):<DEBUG> [[[99060149AD105B73D576BE49CC84C588E0D9BE42]]]
09-18 08:33:45.136 Nano_BufShow(185):<DEBUG> [[[990602A2CC87334CA4D621E332533C0DA2B4D18D]]]
09-18 08:33:45.136 Nano_BufShow(185):<DEBUG> [[[99060332CA744D34CDEAF79E0FE73C0DA2B4D18D]]]
09-18 08:33:45.138 Nano_BufShow(185):<DEBUG> [[[AA9907003CD66AC5204106CA1598B620DD619E2A]]]
09-18 08:33:45.145 Nano_BufShow(185):<DEBUG> [[[99070111F843342B7CC6C68B2ED81F565137B5D4]]]
09-18 08:33:45.146 Nano_BufShow(185):<DEBUG> [[[990702E9C1511A5B23DAB276AD47633502195347]]]
09-18 08:33:45.147 Nano_BufShow(185):<DEBUG> [[[99070390ACF5A580D6902270FF7F633502195347]]]
09-18 08:33:45.170 Nano_BufShow(185):<DEBUG> [[[AA9908003C415E8A39A60E02284905730A2418DB]]]
09-18 08:33:45.171 Nano_BufShow(185):<DEBUG> [[[9908014CC21947ECD17E631CB2F8B7209FB85498]]]
09-18 08:33:45.172 Nano_BufShow(185):<DEBUG> [[[9908022E9103717D240097A801CE21EB8CAFA20E]]]
09-18 08:33:45.173 Nano_BufShow(185):<DEBUG> [[[99080347641F934A3DFB78B9FFA621EB8CAFA20E]]]
09-18 08:33:45.183 Nano_BufShow(185):<DEBUG> [[[AA9909003C5F50F0C042F1201CA837DB10C0587B]]]
09-18 08:33:45.184 Nano_BufShow(185):<DEBUG> [[[990901B4D97A0AAED0D0C0B1197DDD2D1AB2F2B1]]]
09-18 08:33:45.185 Nano_BufShow(185):<DEBUG> [[[9909026242D76C53D82B6EE32C33233441694A56]]]
09-18 08:33:45.186 Nano_BufShow(185):<DEBUG> [[[9909034FC630B464657B069EFFFF233441694A56]]]
09-18 08:33:45.208 Nano_BufShow(185):<DEBUG> [[[AA990A003C5850BC81203F115202C0D51E15DFDE]]]
09-18 08:33:45.208 Nano_BufShow(185):<DEBUG> [[[990A01711C47A53444F3147D842EB9602FAD6AFB]]]
09-18 08:33:45.220 Nano_BufShow(185):<DEBUG> [[[990A02568CE1B1171126E32CB3A64E1CA82365CE]]]
09-18 08:33:45.222 Nano_BufShow(185):<DEBUG> [[[990A0310DDF4AD346AEC0A015F104E1CA82365CE]]]
09-18 08:33:45.223 Nano_BufShow(185):<DEBUG> [[[AA990B003C5D58F4C080FC41F3C1C1AF74FAC4B5]]]
09-18 08:33:45.224 Nano_BufShow(185):<DEBUG> [[[990B019F8E6DECE125EE97B00CFF51D1469DABB6]]]
09-18 08:33:45.225 Nano_BufShow(185):<DEBUG> [[[990B0244A36205A73BFAF611838EF91224BDAF4A]]]
09-18 08:33:45.233 Nano_BufShow(185):<DEBUG> [[[990B0372F16FE05FD4848092FFFFF91224BDAF4A]]]
09-18 08:33:45.236 Nano_BufShow(185):<DEBUG> [[[AA990C003CAE50D21047F565301E9A63803903FC]]]
09-18 08:33:45.237 Nano_BufShow(185):<DEBUG> [[[990C018015B1627EAB7D0119A9FD55374C305591]]]
09-18 08:33:45.237 Nano_BufShow(185):<DEBUG> [[[990C029DCA0DE260321AC2EEA6C107137A43376A]]]
09-18 08:33:45.245 Nano_BufShow(185):<DEBUG> [[[990C03AE96E0E0F5D96C4A24C7BB07137A43376A]]]
09-18 08:33:45.258 Nano_BufShow(185):<DEBUG> [[[AA990D003C5D5864C30A3C28500B0176A0188287]]]
09-18 08:33:45.260 Nano_BufShow(185):<DEBUG> [[[990D01B93C1E094B1737C68450DF39C7C8F393B1]]]
09-18 08:33:45.260 Nano_BufShow(185):<DEBUG> [[[990D02DB38FA18AC4D1B2BDD615E2CCB32563AF7]]]
09-18 08:33:45.261 Nano_BufShow(185):<DEBUG> [[[990D03CFC949F3AF38525AEB52FA2CCB32563AF7]]]
09-18 08:33:45.284 Nano_BufShow(185):<DEBUG> [[[AA990E003C504EE821895C049C1C5326B120300D]]]
09-18 08:33:45.285 Nano_BufShow(185):<DEBUG> [[[990E014134BEEC26E4085858161F9B477C1E66FF]]]
09-18 08:33:45.286 Nano_BufShow(185):<DEBUG> [[[990E0209F8194D3D96CF63DCC3ED324180A75CC7]]]
09-18 08:33:45.286 Nano_BufShow(185):<DEBUG> [[[990E033992FC1C605C6729F85F64324180A75CC7]]]
09-18 08:33:45.296 Nano_BufShow(185):<DEBUG> [[[AA990F003C7C57E821302A26404615EDBE938627]]]
09-18 08:33:45.297 Nano_BufShow(185):<DEBUG> [[[990F01A05D91CC0655246FB10DC083005C1E67A4]]]
09-18 08:33:45.298 Nano_BufShow(185):<DEBUG> [[[990F02D1F423A8A09CD2C9F9453BD6FFF586A7DB]]]
09-18 08:33:45.299 Nano_BufShow(185):<DEBUG> [[[990F03D69324AC791A3ED5C2BF76D6FFF586A7DB]]]
09-18 08:33:45.320 Nano_BufShow(185):<DEBUG> [[[AA9910003CD95025F29A731075881A2803CCCAFE]]]
09-18 08:33:45.321 Nano_BufShow(185):<DEBUG> [[[991001971675608FCFE3AF01B400CF45DE1BDDB3]]]
09-18 08:33:45.323 Nano_BufShow(185):<DEBUG> [[[991002C02F0C9B7FA9897111CB3B545570E8749D]]]
09-18 08:33:45.323 Nano_BufShow(185):<DEBUG> [[[9910037CF3B6D2E48E6A54629294545570E8749D]]]
09-18 08:33:45.346 Nano_BufShow(185):<DEBUG> [[[AA9911003C715FF43041F182003C231120C202C5]]]
09-18 08:33:45.347 Nano_BufShow(185):<DEBUG> [[[9911010180F2001AC89854D92D4B7CB55EACA340]]]
09-18 08:33:45.348 Nano_BufShow(185):<DEBUG> [[[991102AF78F7E768EED79B7D81F2B97A35409632]]]
09-18 08:33:45.349 Nano_BufShow(185):<DEBUG> [[[99110387FCEDA1A36A856D4EAF92B97A35409632]]]
09-18 08:33:45.359 Nano_BufShow(185):<DEBUG> [[[AA9912003CD85045CC463AAB12882F8110212110]]]
09-18 08:33:45.360 Nano_BufShow(185):<DEBUG> [[[9912019A91DDBCB088038A158F1D4576B79A544B]]]
09-18 08:33:45.360 Nano_BufShow(185):<DEBUG> [[[9912024AACF49A8825F5CAE38D7F21CDA61B4B11]]]
09-18 08:33:45.361 Nano_BufShow(185):<DEBUG> [[[99120348D75A7C2E72AFD060FF1F21CDA61B4B11]]]
09-18 08:33:45.384 Nano_BufShow(185):<DEBUG> [[[AA9913003C585854CC043FA2BA0B8408148F5911]]]
09-18 08:33:45.386 Nano_BufShow(185):<DEBUG> [[[991301DD17B56A2174D2F7F8AB0736E3015B318E]]]
09-18 08:33:45.386 Nano_BufShow(185):<DEBUG> [[[9913028C08B012AA9534D4E19FFE664F522565CD]]]
09-18 08:33:45.387 Nano_BufShow(185):<DEBUG> [[[9913033AD5BF6BDA3A2964ADFF7F664F522565CD]]]
09-18 08:33:45.396 Nano_BufShow(185):<DEBUG> [[[AA9914003C5E61F4F283FE23D0435941248DA030]]]
09-18 08:33:45.397 Nano_BufShow(185):<DEBUG> [[[991401DCD95B05F1F36805B037F43343495EAEA3]]]
09-18 08:33:45.397 Nano_BufShow(185):<DEBUG> [[[99140225A828519E6DBDD1D1AEF94BAC6A266C71]]]
09-18 08:33:45.398 Nano_BufShow(185):<DEBUG> [[[9914032DB9D5ED93688911CFF1A24BAC6A266C71]]]
09-18 08:33:45.433 Nano_BufShow(185):<DEBUG> [[[AA9915003CA6601F82E88559019AC10C6D2B41D9]]]
09-18 08:33:45.434 Nano_BufShow(185):<DEBUG> [[[991501069FF28E64FE7CD6A8004234700D384143]]]
09-18 08:33:45.436 Nano_BufShow(185):<DEBUG> [[[99150299F18A270044CD9DC85409185CEBBFC60A]]]
09-18 08:33:45.436 Nano_BufShow(185):<DEBUG> [[[991503DFC191D9698C696A10776C185CEBBFC60A]]]
09-18 08:33:45.438 Nano_BufShow(185):<DEBUG> [[[AA9916003CA05DF453532F032A88552367E555E1]]]
09-18 08:33:45.445 Nano_BufShow(185):<DEBUG> [[[9916012C7E01DA0DD13A254D88ADA1F5A2CE89E2]]]
09-18 08:33:45.446 Nano_BufShow(185):<DEBUG> [[[99160243D48A4E6BBEAC79AD58429003A428DF44]]]
09-18 08:33:45.447 Nano_BufShow(185):<DEBUG> [[[991603C44A8FB86626213091FFB29003A428DF44]]]
09-18 08:33:45.470 Nano_BufShow(185):<DEBUG> [[[AA9917003CB2662DAA107D894256CF6966887091]]]
09-18 08:33:45.473 Nano_BufShow(185):<DEBUG> [[[9917011CF2350A3D70A4A43999A7960E11E66943]]]
09-18 08:33:45.473 Nano_BufShow(185):<DEBUG> [[[991702ECAD8C60C75A0CD2C95C15DA1D6992561A]]]
09-18 08:33:45.474 Nano_BufShow(185):<DEBUG> [[[99170343623CF7A7550D899BFF7FDA1D6992561A]]]
09-18 08:33:45.496 Nano_BufShow(185):<DEBUG> [[[AA9918003CB85D1DA3282A8412668C05387920B8]]]
09-18 08:33:45.496 Nano_BufShow(185):<DEBUG> [[[991801431F44D666AC8DDB5DE1195756F121DF37]]]
09-18 08:33:45.497 Nano_BufShow(185):<DEBUG> [[[991802786107A587AC111A53EB9D5531046A327D]]]
09-18 08:33:45.498 Nano_BufShow(185):<DEBUG> [[[9918031659846E96AAE5A4D77F8D5531046A327D]]]
09-18 08:33:45.508 Nano_BufShow(185):<DEBUG> [[[AA9919003C3C5E690BA03F392070780502CE2553]]]
09-18 08:33:45.509 Nano_BufShow(185):<DEBUG> [[[9919010A4E029FF48011C6521A9E48023675EAC0]]]
09-18 08:33:45.510 Nano_BufShow(185):<DEBUG> [[[991902C4AFB68BAAD84FD3C7F2FE8862DEEFE634]]]
09-18 08:33:45.510 Nano_BufShow(185):<DEBUG> [[[991903519F1E88701576D97BBF198862DEEFE634]]]
09-18 08:33:45.520 Nano_BufShow(185):<DEBUG> [[[AA991A003CD8608A11514140C6D50596424BF573]]]
09-18 08:33:45.522 Nano_BufShow(185):<DEBUG> [[[991A011B52A815F94488EADE00E02AE00703E8DC]]]
09-18 08:33:45.524 Nano_BufShow(185):<DEBUG> [[[991A0202570DB9B14FDB698F6F603B768E3071C3]]]
09-18 08:33:45.524 Nano_BufShow(185):<DEBUG> [[[991A03F27E98DA51C252A9E9CBD93B768E3071C3]]]
09-18 08:33:45.546 Nano_BufShow(185):<DEBUG> [[[AA991B003C2E68F40312FEA65C7E44195C930EA4]]]
09-18 08:33:45.547 Nano_BufShow(185):<DEBUG> [[[991B014AE062C9D6610262D41DFDCAD3861DBE52]]]
09-18 08:33:45.547 Nano_BufShow(185):<DEBUG> [[[991B022D38029788C32DC84E615316446BAD1FD8]]]
09-18 08:33:45.548 Nano_BufShow(185):<DEBUG> [[[991B03F65DD47E344703D941AB3016446BAD1FD8]]]
09-18 08:33:45.558 Nano_BufShow(185):<DEBUG> [[[AA991C003CA8606B0AC00B56C09343CC9ED6108C]]]
09-18 08:33:45.559 Nano_BufShow(185):<DEBUG> [[[991C016F9414EE21A09BE130369D12545F6E1242]]]
09-18 08:33:45.560 Nano_BufShow(185):<DEBUG> [[[991C026B08D95AC6B4F494C60B63FD5B89FC6462]]]
09-18 08:33:45.561 Nano_BufShow(185):<DEBUG> [[[991C03A239420A9549D64618B867FD5B89FC6462]]]
09-18 08:33:45.608 Nano_BufShow(185):<DEBUG> [[[AA991D003CAE58F40A89FC2CD4247410C108CB1A]]]
09-18 08:33:45.609 Nano_BufShow(185):<DEBUG> [[[991D011A715118DA347A71D14C5A6C01D079698F]]]
09-18 08:33:45.610 Nano_BufShow(185):<DEBUG> [[[991D02C7B433D55D8D616BC3292A068CD78D8870]]]
09-18 08:33:45.611 Nano_BufShow(185):<DEBUG> [[[991D034996A6D2B4E1B1F5763FCF068CD78D8870]]]
09-18 08:33:45.612 Nano_BufShow(185):<DEBUG> [[[AA991E003C1C586A0590471118C5533C9901B9F4]]]
09-18 08:33:45.620 Nano_BufShow(185):<DEBUG> [[[991E0152D9CEB8A8FBA19B410CF915E719C1A4C7]]]
09-18 08:33:45.622 Nano_BufShow(185):<DEBUG> [[[991E022A6FC281DBD9670F42D0969E5ED4B342B4]]]
09-18 08:33:45.623 Nano_BufShow(185):<DEBUG> [[[991E03F539E2E435B54292605F469E5ED4B342B4]]]
09-18 08:33:45.645 Nano_BufShow(185):<DEBUG> [[[AA991F003CB05EF4E009F1808002F5C148AE6897]]]
09-18 08:33:45.647 Nano_BufShow(185):<DEBUG> [[[991F01DA958F26A31E7A0F33749DA867ABA14E8D]]]
